(1,((0,0),(#,#),(#,#)),2)
(1,((1,1),(#,#),(#,#)),2)
(1,((b,b),(#,#),(#,#)),2)
(2,((STAY),(LEFT),(RIGHT)),3)
(3,((0,0),(0,0),(0,0)),2)
(3,((1,1),(0,0),(0,0)),2)
(3,((b,b),(0,0),(0,0)),2)
(3,((0,0),(1,1),(1,1)),2)
(3,((1,1),(1,1),(1,1)),2)
(3,((b,b),(1,1),(1,1)),2)
(3,((0,0),(#,#),(#,#)),8)
(3,((1,1),(#,#),(#,#)),8)
(3,((b,b),(#,#),(#,#)),8)
(3,((0,0),(0,0),(1,1)),4)
(3,((1,1),(0,0),(1,1)),4)
(3,((b,b),(0,0),(1,1)),4)
(3,((0,0),(1,1),(0,0)),4)
(3,((1,1),(1,1),(0,0)),4)
(3,((b,b),(1,1),(0,0)),4)
(4,((STAY),(RIGHT),(LEFT)),5)
(5,((0,0),(0,0),(0,0)),4)
(5,((1,1),(0,0),(0,0)),4)
(5,((b,b),(0,0),(0,0)),4)
(5,((0,0),(1,1),(1,1)),4)
(5,((1,1),(1,1),(1,1)),4)
(5,((b,b),(1,1),(1,1)),4)
(5,((0,0),(#,#),(#,#)),6)
(5,((1,1),(#,#),(#,#)),6)
(5,((b,b),(#,#),(#,#)),6)
(6,((STAY),(LEFT),(RIGHT)),7)
(7,((0,0),(0,0),(0,0)),6)
(7,((1,1),(0,0),(0,0)),6)
(7,((b,b),(0,0),(0,0)),6)
(7,((0,0),(0,0),(1,1)),6)
(7,((1,1),(0,0),(1,1)),6)
(7,((b,b),(0,0),(1,1)),6)
(7,((0,0),(1,1),(0,0)),6)
(7,((1,1),(1,1),(0,0)),6)
(7,((b,b),(1,1),(0,0)),6)
(7,((0,0),(1,1),(1,1)),6)
(7,((1,1),(1,1),(1,1)),6)
(7,((b,b),(1,1),(1,1)),6)
(7,((0,0),(#,#),(#,#)),9)
(7,((1,1),(#,#),(#,#)),9)
(7,((b,b),(#,#),(#,#)),9)
(8,((b,1),(#,#),(#,#)),12)
(9,((b,0),(#,#),(#,#)),17)
(10,((0,0),(#,#),(#,#)),0)
(10,((1,1),(#,#),(#,#)),0)
(10,((b,b),(#,#),(#,#)),0)
(11,((STAY),(RIGHT),(LEFT)),10)
(10,((0,0),(0,0),(0,0)),11)
(10,((1,1),(0,0),(0,0)),11)
(10,((b,b),(0,0),(0,0)),11)
(10,((0,0),(1,1),(1,1)),11)
(10,((1,1),(1,1),(1,1)),11)
(10,((b,b),(1,1),(1,1)),11)
(12,((0,0),(#,#),(#,#)),11)
(12,((1,1),(#,#),(#,#)),11)
(12,((b,b),(#,#),(#,#)),11)
(13,((0,0),(0,0),(1,1)),11)
(13,((1,1),(0,0),(1,1)),11)
(13,((b,b),(0,0),(1,1)),11)
(13,((0,0),(1,1),(0,0)),11)
(13,((1,1),(1,1),(0,0)),11)
(13,((b,b),(1,1),(0,0)),11)
(14,((STAY),(LEFT),(RIGHT)),13)
(13,((0,0),(0,0),(0,0)),14)
(13,((1,1),(0,0),(0,0)),14)
(13,((b,b),(0,0),(0,0)),14)
(13,((0,0),(1,1),(1,1)),14)
(13,((1,1),(1,1),(1,1)),14)
(13,((b,b),(1,1),(1,1)),14)
(15,((0,0),(#,#),(#,#)),14)
(15,((1,1),(#,#),(#,#)),14)
(15,((b,b),(#,#),(#,#)),14)
(16,((STAY),(RIGHT),(LEFT)),15)
(15,((0,0),(0,0),(0,0)),16)
(15,((1,1),(0,0),(0,0)),16)
(15,((b,b),(0,0),(0,0)),16)
(15,((0,0),(0,0),(1,1)),16)
(15,((1,1),(0,0),(1,1)),16)
(15,((b,b),(0,0),(1,1)),16)
(15,((0,0),(1,1),(0,0)),16)
(15,((1,1),(1,1),(0,0)),16)
(15,((b,b),(1,1),(0,0)),16)
(15,((0,0),(1,1),(1,1)),16)
(15,((1,1),(1,1),(1,1)),16)
(15,((b,b),(1,1),(1,1)),16)
(17,((0,0),(#,#),(#,#)),16)
(17,((1,1),(#,#),(#,#)),16)
(17,((b,b),(#,#),(#,#)),16)
