(1,((RIGHT),(STAY),(STAY)),2)
(2,((0,1),(0,0),(0,0)),3)
(2,((0,1),(1,1),(0,0)),3)
(2,((0,1),(B,B),(0,0)),3)
(2,((0,1),(#,#),(0,0)),3)
(2,((0,1),(S,S),(0,0)),3)
(2,((0,1),(M,M),(0,0)),3)
(2,((0,1),(b,b),(0,0)),3)
(2,((0,1),(0,0),(1,1)),3)
(2,((0,1),(1,1),(1,1)),3)
(2,((0,1),(B,B),(1,1)),3)
(2,((0,1),(#,#),(1,1)),3)
(2,((0,1),(S,S),(1,1)),3)
(2,((0,1),(M,M),(1,1)),3)
(2,((0,1),(b,b),(1,1)),3)
(2,((0,1),(0,0),(b,b)),3)
(2,((0,1),(1,1),(b,b)),3)
(2,((0,1),(B,B),(b,b)),3)
(2,((0,1),(#,#),(b,b)),3)
(2,((0,1),(S,S),(b,b)),3)
(2,((0,1),(M,M),(b,b)),3)
(2,((0,1),(b,b),(b,b)),3)
(2,((1,0),(0,0),(0,0)),3)
(2,((1,0),(1,1),(0,0)),3)
(2,((1,0),(B,B),(0,0)),3)
(2,((1,0),(#,#),(0,0)),3)
(2,((1,0),(S,S),(0,0)),3)
(2,((1,0),(M,M),(0,0)),3)
(2,((1,0),(b,b),(0,0)),3)
(2,((1,0),(0,0),(1,1)),3)
(2,((1,0),(1,1),(1,1)),3)
(2,((1,0),(B,B),(1,1)),3)
(2,((1,0),(#,#),(1,1)),3)
(2,((1,0),(S,S),(1,1)),3)
(2,((1,0),(M,M),(1,1)),3)
(2,((1,0),(b,b),(1,1)),3)
(2,((1,0),(0,0),(b,b)),3)
(2,((1,0),(1,1),(b,b)),3)
(2,((1,0),(B,B),(b,b)),3)
(2,((1,0),(#,#),(b,b)),3)
(2,((1,0),(S,S),(b,b)),3)
(2,((1,0),(M,M),(b,b)),3)
(2,((1,0),(b,b),(b,b)),3)
(3,((LEFT),(STAY),(STAY)),0)
